890
15296
11233
7402
240
2165
13728
7402
9635
7402
13163
890
11233
13163
19975
890
890
7402
7402
7402
18964
13163
15296
19975
8603
18964
8603
240
13688
13688
7402
13163
11115
13688
8603
890
240
9635
13688
13688
7402
19975
18964
8603
9635
240
7402
11115
8603
240
240
18964
19975
11115
13163
4220
11233
240
7402
8603
4220
11115
7402
4220
13728
4220
11115
9635
8603
11115
13728
4220
8603
7402
13728
15296
13688
7402
8603
13688
13728
2165
4220
19975
13728
2165
240
15296
4220
15296
890
15296
11115
11233
19975
11115
4220
11233
18964
13163
18964
11115
18964
890
890
8154
19975
9635
11233
13728
240
2165
13728
8154
11115
15296
8603
11115
18964
13728
13728
2165
2165
2165
19975
13163
9635
11233
25677
39203
38803
15523
20711
20419
16339
64
52
162
25
72
140
245
247
41
248
245
124
205
37
108
234
203
245
238
76
34
139
255
74
105
142
203
39
188
105
139
177
34
230
178
31
222
3
220
253
162
14
114
179
99
1
224
143
179
205
92
87
131
9
11
135
69
144
113
158
217
173
170
198
233
119
231
63
123
23
141
141
201
216
186
211
76
237
88
122
216
222
